179
658
772
89
529
171
834
694
241
141
964
950
994
597
553
2
208
955
48
187
880
988
984
633
697
811
718
717
164
191
640
819
485
725
913
155
909
315
731
58
78
875
457
51
151
805
686
297
861
866
313
768
692
54
832
545
421
672
228
618
122
615
181
298
98
257
791
939
296
555
699
519
365
577
383
532
424
67
672
1000
992
499
360
363
822
14
800
731
660
995
727
159
930
318
887
464
19
25
209
81
269
782
335
339
623
772
808
430
785
37
444
939
756
917
683
57
455
184
801
794
767
458
925
538
172
575
486
159
984
10
301
838
985
176
739
390
481
201
124
802
664
367
267
273
336
269
511
417
399
618
998
513
489
857
654
128
820
764
180
984
560
895
120
254
307
103
140
777
447
497
649
839
734
918
384
283
273
909
160
36
924
982
530
806
480
868
518
24
163
48
93
449
266
59
12
641
761
251
720
665
893
392
14
661
937
294
443
800
814
241
699
522
5
603
495
167
692
493
854
603
273
399
113
61
847
789
348
19
247
525
470
429
583
568
536
904
442
627
7
147
47
199
916
904
395
874
871
576
420
696
319
40
912
344
736
802
947
908
629
360
62
138
690
85
580
722
131
341
264
605
74
535
300
23
856
367
512
791
269
276
494
5
223
496
372
481
572
788
923
560
952
818
19
462
487
735
958
365
319
791
623
332
279
894
421
554
182
122
496
475
284
28
871
296
213
179
392
278
91
955
944
188
485
180
239
716
232
983
581
917
391
451
652
229
216
39
471
600
737
550
410
459
256
282
846
469
903
312
638
60
536
750
564
708
19
726
741
25
533
641
723
279
76
296
933
354
574
91
365
651
799
753
212
888
187
437
664
867
858
217
952
542
752
14
683
543
335
198
103
322
558
941
388
361
647
467
187
549
346
838
351
880
219
114
671
217
974
546
168
413
838
514
639
798
84
331
593
2
475
187
771
900
254
606
988
841
788
684
705
18
143
634
346
503
639
952
308
801
731
347
232
62
865
854
721
376
288
937
895
464
772
136
689
655
459
905
23
858
158
610
667
317
37
577
368
834
909
650
109
348
11
60
753
95
396
592
559
576
518
990
460
941
916
181
239
491
325
121
898
730
311
819
890
495
34
913
963
615
86
263
168
8
160
108
458
750
364
322
814
434
343
521
79
797
260
519
225
261
891
687
998
851
602
618
934
231
916
813
652
405
217
726
969
371
969
527
522
989
481
717
316
35
71
825
181
303
954
679
457
931
502
727
117
799
710
867
108
858
832
947
734
237
626
541
402
691
975
116
937
552
928
559
869
246
173
832
137
558
329
137
168
950
368
263
4
593
511
569
663
194
409
648
448
844
426
202
521
933
288
262
739
331
562
655
915
805
674
95
273
446
268
105
679
43
620
341
374
641
901
603
373
928
12
353
234
411
506
386
51
879
916
94
760
767
202
360
744
318
917
50
588
640
195
151
384
462
56
932
698
314
292
610
784
394
455
265
584
285
930
732
819
985
691
532
20
911
450
137
219
245
642
418
402
877
991
124
887
767
570
752
899
871
180
841
904
800
994
224
682
286
806
605
328
524
476
465
327
179
284
359
928
413
747
538
931
73
478
26
66
725
3
842
432
284
649
225
100
773
136
440
923
879
255
892
460
53
663
102
303
483
125
73
13
680
678
164
71
213
530
153
206
994
921
802
73
491
500
12
272
185
437
440
618
125
242
514
116
410
713
221
601
379
233
501
436
819
687
901
127
635
872
500
290
183
461
765
688
455
246
316
238
346
977
498
743
16
687
529
25
117
601
238
410
392
610
50
766
495
927
632
680
203
931
516
443
879
713
690
173
869
808
843
288
843
794
484
137
342
952
364
642
878
796
854
388
289
67
759
907
420
883
263
17
436
801
540
846
394
32
468
142
892
678
520
16
551
262
749
641
557
329
762
202
149
408
598
715
246
7
265
63
240
489
711
1000
47
801
950
971
547
82
490
333
845
751
741
211
197
4
64
13
855
807
654
93
805
631
850
182
855
508
428
772
460
912
889
794
889
865
887
222
276
976
392
837
331
214
919
445
333
486
350
325
81
702
403
373
237
32
421
872
572
897
949
855
389
998
78
301
750
119
321
31
415
588
607
950
988
368
691
39
697
89
938
9
14
494
597
537
106
208
89
334
277
447
909
833
451
491
432
701
979
50
276
776
753
342
497
876
310
634
344
927
547
173
11
89
533
913
843
86
652
269
298
62
214
865
896
508
363
379
555
976
280
326
441
64
942
216
277